Breadth First Traversal
From 1 to 13 -- [1, 2, 3, 7, 8, 15, 4, 14, 5, 28, 0, 11, 9, 12, 10, 18, 29, 6, 13]
From 1 to 15 -- [1, 15]
From 0 to 11 -- [0, 1, 6, 7, 15, 2, 3, 8, 4, 5, 28, 11]
From 5 to 28 -- [5, 1, 6, 2, 3, 7, 8, 15, 0, 4, 14, 28]
From 12 to 29 -- [12, 14, 18, 29]
From 24 to 3 -- [24, 19, 28, 9, 29, 2, 14, 3]
From 7 to 13 -- [7, 4, 5, 28, 0, 1, 6, 9, 29, 15, 2, 3, 8, 14, 24, 11, 12, 10, 18, 19, 13]
From 9 to 16 -- [9, -1, 16]
From 16 to 9 -- [16, 13, 17, 27, 14, 15, 18, 20, 21, 26, 10, 29, 9]
From 16 to 7 -- [16, 13, 17, 27, 14, 15, 18, 20, 21, 26, 10, 29, 9, 11, 12, 19, 22, 24, 2, 28, 23, 25, 3, 4, 7]
From 1 to 4 -- [1, 2, 3, 7, 8, 15, 4]
From 7 to 30 -- [7, -1, 30]
From 24 to 2 -- [24, 19, 28, 9, 29, 2]
From 10 to 1 -- [10, 9, 11, 2, 14, 28, 3, 4, 18, 29, 7, 0, 5, 13, 19, 24, 1]
From 7 to 28 -- [7, 28]
From 1 to 8 -- [1, 8]
